12243241351451422424455553563532332662455
32413212322552366633625523626443663243446
44123224431113666646536433656366352562236
21123432215434344255263355544453523456454
33415214242234624264344644543453335554556
24435523324442363532652224453566532337546
41152253444624223632363626455463266737366
44554552352465263534223665322646667474357
42412453644326453232544253262545556646574
41213254463445343546562645363647633466336
43321445445544453526442633644743345745533
12255462233364336234322235363457554475664
34312264525652553645556547636663357364544
13133546332226655522456653734733346543776
14622266435566245555553764776647766436575
55333632433325223453245634553435343465756
45643454233364232233637676575644777545575
54433362444443546535333566353453436736464
35262446246254635637734543575633544733564
44464656434532543537773335346643345463775
54225654244656455775674667734637435674466
62645555426233565463576363334535544577586
52245532554266536364436444633736663737568
65362322654662373354543543367736575667768
33422425334556476475353446574375334548767
55462644642477736544574467735566485864786
65443325252376547466734576466343885486846
43646222346474746364346346475335655757447
23366665335544346465344444743474456676774
36626244435657355356467655553768545775684
22532253336475457346543544637565775754586
53654325377577437343666644375564744844864
42444262766755465367344457646777854555857
46535426673364566676637467686785475884487
64424676574647633374443485464748566756784
44233255465633647367635374464475655865484
43355366464637334736674765577586646577648
52563745746653764364556747674464748478854
55267464455756676366747564788757888586674
65537673575764446554375745684477776768648
54366635476636733634648875556577648566565
56673743556745366777887648557686558485985